1041093
191705
214471
1860546
1029768
210790
1095834
926300
1948144
2249242
1111721
1104190
1387278
1065627
230154
1891161
826703
230153
2302550
103962
107407
2095917
329346
2276069
107420
222527
689152
71137
929943
2300488
1001988
206741
1668020
1013073
211407
2280548
2254604
1419997
2258769
1027474
328485
2270511
1765490
679114
211889
2291595
2275764
2277148
2279688
1018052
1046640
2287614
1886473
107634
2283493
821229
2037341
793396
2285437
1076896
814010
2022203
1070671
1039430
819383
2135682
980840
2249229
328110
1733891
70607
1033218
332719
2274091
71037
2291802
2289343
63897
2135679
1124273
2280771
2233903
1039422
208028
1039421
185378
2029989
1036036
1948380
1036833
2302563
1012640
1035865
348618
2276277
2270610
2278044
1412754
2195177
1053035
980303
926343
2249046
2282544
207624
825535
230199
995094
826626
741690
2278047
1908724
892659
832170
332139
209499
2287661
2282897
2288992
2282656
1861706
23499
2242077
2249299
785679
1911900
1892346
1910258
1035960
2283739
1039406
2125697
67230
2291793
714500
1025346
2134954
1860885
65984
2288069
926483
2003563
1053495
2136692
1036002
2254618
1910023
826723
118577
337380
1127615
2292530
1100853
2176542
2155745
885685
2155627
1746481
820966
1027776
926379
2281668
203966
1746488
1936403
60866
272365
1935797
1039868
1982733
2278015
341067
322326
2290006
2290248
320025
1065333
1746470
214074
966280
1076594
687122
207661
2269007
207663
2288687
75561
826544
1355392
319806
327566
2030577
211491
70324
2249090
1076920
679507
1075713
1029259
2135616
2022815
1997604
70686
2195146
2284999
2285845
687136
204713
1097843
1746468
1012941
826655
2280824
1076918
2278630
1065351
1032778
1100783
1029136
1029015
2276577
1886788
2291872
2290421
68240
1761726
1302724
209061
996714
78061
2284623
930429
2281900
60892
1302960
2258698
998106
1113959
1302730
200814
66524
2288771
2093131
2022277
1075730
276883
206239
202321
788650
23790
52004
2278739
2291412
2254544
1735447
1735325
344655
2285772
2263500
319452
2263743
1868504
1031888
926502
2282261
1074417
741607
1915422
2282820
332548
672229
2281056
1716572
714231
2302475
206011
206929
18616
1003298
2291149
1040244
714355
211713
1106218
1321211
327869
212144
16441
2235945
1925330
67637
1128094
1039365
1075630
2270274
2038825
1033385
2274757
1912036
1032973
1040352
826690
19717
1735420
2290746
2275390
1076739
212150
1024776
2287131
1892711
1671725
687143
1935964
1036763
1911752
2270381
1040226
1012313
930478
1032841
2216531
70802
2291167
1027482
2287129
67779
206961
1070640
390941
129175
930460
1037169
913347
2263609
1106307
2276233
718968
954774
885712