2274082
2278044
2282261
2268999
2282544
2264113
2281056
2265685
2274841
2249007
2271578
2278047
2274088
1366856
2272782
2265417
2235945
2269978
2282897
2266942
2282656
2265215
2266583
2269179
2266101
2265454
2274830
2274637
2280548
2265690
2268082
2274757
2283739
2273945
2272538
2280824
1368626
2271201
2279688
2275390
2283493
2275708
2263686
2273257
2271032
2274547
2281900
2266908
2271235
1661008
2274091
2263974
2269919
2267418
2281668
2280771
2273048
2273764
2271500
2274612
2269152
2275629
2272155